F 1850.000000 1897.000000 3.717551
D C 364.9 -287.9 1415.4 -461.6 1742.8 248.9 1129.7 565.4 538.4 591.2 896.5 1317.5
W C 394.6 1452.9 496.2 677.2 1183.6 736.2 1697.8 1029.5 1781.8 224.1
F 1850.000000 1897.000000 3.717551
D C 366.0 -288.8 1416.7 -462.0 1741.8 248.8 1129.9 565.4 540.6 593.7 897.6 1319.0
W C 393.0 1452.9 497.4 678.3 1183.9 737.1 1697.3 1027.8 1782.5 223.9
F 1850.000000 1897.000000 3.717551
D C 366.2 -289.0 1418.2 -462.5 1741.8 248.8 1131.1 566.1 541.5 594.6 900.0 1322.6
W C 391.3 1453.2 498.0 679.1 1183.8 737.5 1697.4 1028.5 1783.5 221.7
F 1850.000000 1897.000000 3.717551
D C 366.2 -288.9 1417.4 -462.3 1737.0 248.1 1129.5 565.3 540.5 593.6 896.8 1317.9
W C 391.6 1451.9 500.4 680.6 1183.4 736.5 1696.7 1026.9 1781.9 224.2
F 1850.000000 1897.000000 3.717551
D C 365.1 -288.1 1419.4 -462.9 1739.8 248.5 1128.6 564.8 537.0 589.7 898.0 1319.6
W C 391.1 1452.1 498.6 679.3 1184.4 737.0 1698.5 1030.8 1781.4 220.8
F 1850.000000 1897.000000 3.717551
D C 365.1 -288.1 1413.4 -460.9 1740.2 248.6 1129.9 565.5 538.2 591.0 896.5 1317.5
W C 395.3 1452.3 497.6 677.9 1182.8 735.6 1696.9 1029.9 1781.5 224.3
F 1850.000000 1897.000000 3.717551
D C 364.7 -287.8 1418.5 -462.6 1734.9 247.8 1132.6 566.8 539.8 592.8 897.2 1318.4
W C 390.7 1451.9 502.3 682.2 1181.8 733.8 1697.1 1028.2 1782.1 223.9
F 1850.000000 1897.000000 3.717551
D C 364.9 -287.9 1417.5 -462.3 1738.0 248.2 1131.9 566.5 540.7 593.8 897.5 1318.9
W C 391.7 1452.5 500.2 680.6 1182.5 735.1 1697.0 1027.7 1782.5 224.1
F 1850.000000 1897.000000 3.717551
D C 365.2 -288.2 1416.6 -462.0 1739.8 248.5 1132.5 566.8 539.6 592.6 898.1 1319.8
W C 392.8 1452.9 498.9 679.5 1182.3 734.7 1697.4 1029.6 1782.6 223.3
F 1850.000000 1897.000000 3.717551
D C 365.8 -288.6 1417.7 -457.6 1739.7 248.5 1129.9 565.5 539.5 592.4 897.2 1318.4
W C 394.5 1449.6 498.1 680.5 1183.1 737.1 1697.1 1028.9 1781.2 223.9
F 1850.000000 1897.000000 3.717551
D C 364.1 -287.3 1419.0 -462.8 1739.0 248.4 1133.0 567.0 539.7 592.7 898.8 1320.8
W C 390.9 1452.8 499.9 680.6 1182.5 734.7 1697.9 1029.6 1782.8 222.3
F 1850.000000 1897.000000 3.717551
D C 364.5 -287.7 1416.9 -462.1 1743.3 249.0 1132.5 566.8 539.1 592.1 896.9 1318.1
W C 393.8 1453.6 496.6 677.9 1182.7 734.6 1698.3 1029.5 1782.5 224.5
F 1850.000000 1897.000000 3.717551
D C 365.0 -288.0 1423.0 -464.1 1741.8 248.8 1130.1 565.6 541.0 594.1 897.9 1319.5
W C 388.9 1453.2 498.5 680.0 1184.9 737.4 1698.9 1026.7 1782.8 222.7
F 1829.218582 1883.504389 3.717551
D C 365.2 -288.2 1416.0 -461.8 1740.2 248.6 1131.2 566.1 539.4 592.4 896.8 1317.9
W C 393.5 1452.7 498.3 678.9 1182.8 735.3 1697.3 1028.7 1782.1 224.4
F 1792.046186 1859.364353 3.717551
D C 352.2 -286.8 1402.9 -457.5 1715.5 250.4 1074.3 550.0 518.5 594.6 878.1 1325.0
W C 386.1 1443.9 497.0 678.0 1199.5 764.5 1694.2 1021.8 1777.2 211.9
F 1754.372558 1835.035158 3.715370
D C 313.8 -287.5 1365.2 -463.9 1681.8 240.2 1048.8 549.2 488.9 592.9 846.9 1321.6
W C 387.1 1444.9 496.6 680.8 1196.7 758.6 1693.0 1021.4 1780.6 214.3
F 1716.561376 1810.597381 3.715370
D C 279.2 -282.2 1324.1 -454.4 1640.5 244.6 1000.7 547.8 445.3 586.2
W C 386.5 1446.8 488.1 686.3 1191.4 767.8 1682.9 1029.2
F 1716.561376 1810.597381 3.715370
D C 260.9 -280.4 1277.2 -447.1 1622.9 242.0 985.4 543.3 432.6 584.3
W C 404.2 1445.3 486.5 678.8 1185.7 770.6 1672.6 1035.4
F 1679.043303 1786.349045 3.715370
D C 216.5 -277.0 1229.1 -443.0 1564.3 248.0 933.0 544.7 379.5 588.2
W C 401.6 1444.1 491.4 681.4 1183.1 771.5 1672.9 1033.0
F 1641.440835 1761.910010 3.717551
D C 187.9 -278.9 1197.8 -440.1 1532.9 243.0 902.1 541.6 348.6 590.7
W C 402.5 1439.8 490.1 684.1 1182.2 774.1 1674.3 1032.1
F 1603.767206 1737.580814 3.715370
D C 155.6 -276.2 1169.5 -441.9 1500.5 242.6 873.3 546.4 318.8 593.1
W C 399.0 1440.9 491.7 686.2 1183.5 770.8 1674.8 1032.1
F 1566.164738 1713.141780 3.717551
D C 124.8 -274.1 1131.1 -439.3 1466.0 246.2 832.9 546.4 280.4 594.1
W C 400.5 1441.4 489.4 683.6 1184.3 773.3 1674.8 1031.7
F 1566.164738 1713.141780 3.717551
D C 113.1 -277.2 1117.5 -438.0 1443.4 251.6 818.1 551.1 264.3 597.6
W C 397.1 1442.4 494.8 685.9 1182.9 771.0 1674.2 1030.7
F 1528.491109 1688.812584 3.715370
D C 67.3 -274.8 1066.3 -436.9 1395.6 247.7 770.4 547.0 214.8 601.8
W C 398.0 1439.8 493.2 686.1 1180.8 774.3 1677.1 1029.9
F 1490.888641 1664.373549 3.717551
D C 1026.6 -435.5 1364.7 246.5 735.6 539.4 184.2 595.6
W C 405.2 1438.6 491.9 682.5 1179.2 778.3 1672.7 1030.7
F 1490.888641 1664.373549 3.717551
D C 997.1 -433.8 1324.9 251.9 698.2 545.7 146.0 600.5
W C 399.7 1439.4 494.3 685.2 1180.4 776.6 1674.6 1028.8
F 1453.215012 1640.044354 3.715370
D C 958.2 -434.5 1292.7 249.9 666.4 544.3 474.7 1317.1 112.0 603.8
W C 410.4 1431.4 501.9 675.2 1187.6 768.7 1768.7 224.5 1685.3 1020.3
F 1415.612544 1615.605319 3.717551
D C -47.4 -285.1 925.1 -422.9 1257.2 251.0 631.5 545.5 438.5 1317.1 81.6 604.0
W C 415.8 1425.1 501.9 678.8 1187.4 770.4 1767.7 226.5 1681.2 1019.2
F 1377.938915 1591.276123 3.715370
D C -78.6 -288.4 896.0 -426.3 1220.4 251.5 601.9 546.3 407.1 1316.5 48.0 606.7
W C 411.1 1426.1 506.2 680.7 1185.8 768.4 1767.1 226.9 1683.8 1018.0
F 1340.336447 1566.837089 3.717551
D C 848.2 -429.4 1172.2 252.8 550.1 540.9 358.9 1316.4 -4.2 609.6
W C 408.4 1426.9 506.2 677.9 1185.1 773.3 1766.4 225.6 1688.0 1016.3
F 1302.662818 1542.507893 3.715370
D C 833.9 -428.6 1149.7 255.4 535.0 545.7 342.8 1320.9 -21.1 610.9
W C 405.0 1427.1 510.7 681.1 1184.6 770.6 1766.6 223.6 1687.1 1017.5
F 1302.662818 1542.507893 3.715370
D C 801.3 -430.7 1119.8 252.3 506.2 542.3 317.0 1321.4 -51.5 614.4
W C 404.3 1426.7 510.5 680.6 1182.9 772.7 1766.7 223.3 1689.5 1016.8
F 1265.060350 1518.068859 3.717551
D C 743.2 -420.3 1069.2 254.8 450.7 543.2 262.7 1326.0 -104.8 612.2
W C 411.9 1423.2 506.8 679.6 1182.5 775.2 1767.1 221.6 1685.7 1020.4
F 1227.386721 1493.739663 3.715370
D C 724.6 -421.6 1054.6 251.3 437.8 541.0 248.2 1316.0 -122.5 613.4
W C 414.2 1422.1 506.0 678.3 1180.8 773.0 1763.4 227.9 1689.5 1018.8
F 1189.575539 1469.301886 3.715370
D C 681.4 -422.0 1006.0 252.8 390.4 541.0 199.3 1322.5 -167.7 618.9
W C 409.9 1422.9 507.0 680.4 1180.0 775.6 1767.3 225.7 1689.9 1015.5
F 1189.575539 1469.301886 3.715370
D C 664.2 -417.0 990.9 255.5 375.1 544.0 182.3 1319.4 -184.1 619.0
W C 413.5 1421.5 506.5 679.7 1180.0 773.8 1764.5 229.1 1689.6 1016.0
F 1152.057466 1445.053550 3.715370
D C 632.6 -416.4 954.7 261.8 340.5 546.0 145.9 1324.3
W C 415.9 1421.8 507.4 676.6 1178.2 765.7 1759.5 212.8
F 1114.454998 1420.614515 3.717551
D C 600.0 -416.4 924.3 259.6 313.0 545.7 117.1 1324.1
W C 417.1 1421.5 507.2 677.1 1176.5 764.6 1760.2 213.8
F 1076.781369 1396.285319 3.715370
D C 565.1 -415.8 892.5 259.6 281.0 546.6 85.1 1335.0
W C 415.4 1422.9 505.1 677.7 1174.8 766.9 1765.7 209.5
F 1038.970187 1371.847543 3.715370
D C 518.1 -408.9 845.8 268.6 232.5 552.9 27.6 1332.7
W C 418.7 1423.7 504.0 676.0 1174.2 763.5 1764.2 213.9
F 1038.970187 1371.847543 3.715370
D C 506.2 -414.8 830.8 263.9 219.6 550.2 23.5 1330.5
W C 415.5 1423.4 507.2 676.7 1176.5 764.5 1761.8 212.5
F 1001.452115 1347.599206 3.715370
D C 477.6 -411.3 797.6 264.2 186.2 548.0 -17.4 1336.7
W C 414.9 1421.8 505.2 679.8 1173.7 766.6 1767.2 208.7
F 963.849646 1323.160172 3.717551
D C 442.9 -413.4 768.5 265.0 157.6 551.3 -42.1 1337.7
W C 414.7 1424.4 505.6 677.4 1174.5 765.2 1766.2 210.0
F 926.176018 1298.830976 3.715370
D C 412.3 -411.7 732.1 265.1 123.6 552.2 -83.4 1341.0
W C 413.2 1423.8 505.2 680.9 1172.9 764.0 1769.8 208.3
F 926.176018 1298.830976 3.715370
D C 396.0 -412.7 718.6 267.7 109.5 552.9 -99.9 1340.5
W C 413.9 1426.1 504.9 678.6 1172.1 763.0 1770.0 209.3
F 888.573549 1274.391942 3.717551
D C 351.1 -414.0 669.9 270.9 62.8 555.0 -150.2 1344.9
W C 411.1 1428.5 506.2 679.1 1171.3 762.2 1772.5 207.3
F 850.899921 1250.062746 3.715370
D C 320.9 -415.8 639.9 270.2 31.9 553.6 -180.6 1353.2
W C 408.3 1430.0 505.1 679.6 1170.4 764.9 1777.2 202.5
F 813.088738 1225.624969 3.715370
D C 291.5 -415.9 612.0 274.1 1.3 557.3 -209.2 1346.5
W C 409.5 1431.3 505.8 676.7 1173.6 762.3 1772.1 206.7
F 774.984446 1200.997753 3.715370
D C 259.1 -419.8 579.9 274.8 -29.7 560.6
W C 400.4 1442.6 493.4 683.2 1162.2 761.2
F 774.984446 1200.997753 3.715370
D C 214.4 -418.7 534.3 275.6 -76.7 561.9
W C 400.1 1442.4 492.8 683.6 1163.1 761.0
F 737.381977 1176.558718 3.717551
D C 201.0 -417.5 520.5 278.7 -95.3 567.1
W C 398.7 1443.8 490.9 683.3 1166.5 759.9
F 699.708349 1152.229522 3.715370
D C 156.5 -420.1 471.2 282.9 -139.0 568.0
W C 396.6 1446.5 495.0 682.6 1164.3 757.9
F 662.105880 1127.790488 3.717551
D C 142.9 -418.5 452.7 285.2 -155.2 572.6
W C 394.6 1446.7 496.4 684.6 1165.0 755.7
F 662.105880 1127.790488 3.717551
D C 110.2 -416.7 423.6 285.4
W C 383.9 1451.3 481.1 688.7
F 624.432252 1103.461292 3.715370
D C 66.5 -419.3 375.4 287.9
W C 383.7 1452.8 481.3 687.2
F 586.829783 1079.022257 3.717551
D C 49.9 -423.1 356.3 291.0
W C 383.3 1455.4 481.7 684.6
F 549.156155 1054.693062 3.715370
D C 4.2 -422.5 309.2 293.0
W C 383.3 1455.8 481.7 684.2
F 549.156155 1054.693062 3.715370
D C -11.4 -425.9 290.8 293.1
W C 383.2 1456.8 481.8 683.2
F 511.553686 1030.254027 3.717551
D C -39.0 -426.5 257.8 295.7
W C 383.1 1457.3 481.9 682.7
F 473.880058 1005.924831 3.715370
D C -86.6 -430.1 204.9 297.1
W C 382.9 1458.6 482.1 681.4
F 436.654302 980.912387 3.730639
D C -102.3 -432.3 187.1 295.9
W C 382.9 1458.7 482.1 681.3
F 402.539265 952.230470 3.824433
D C -146.8 -436.5 137.0 299.6
W C 382.6 1461.3 482.4 678.7
F 402.539265 952.230470 3.824433
D C -165.7 -434.5 126.2 295.0
W C 382.8 1459.7 482.2 680.3
F 370.791291 920.213480 3.916045
D C 111.4 279.3
W C 482.0 682.0
F 342.310665 885.478767 4.009839
D C 87.3 262.1 -513.4 1503.6
W C 497.2 676.4 1789.8 195.6
F 317.222009 848.434201 4.101451
D C 78.5 256.7 -485.0 1510.9
W C 499.1 675.6 1787.9 196.4
F 295.627561 809.249761 4.193064
D C 53.9 237.6 -385.1 1552.8
W C 493.7 677.6 1793.3 194.4
F 295.627561 809.249761 4.193064
D C 44.0 233.1 -357.2 1562.8
W C 492.6 678.1 1794.4 193.9
F 277.891084 768.360820 4.286858
D C 28.3 225.5 -276.6 1587.1
W C 489.6 679.2 1797.4 192.8
F 263.804149 725.342148 4.380651
D C 12.0 220.5
W C 482.0 682.0
F 254.102205 682.197674 4.474445
D C -3.5 218.5
W C 482.0 682.0
F 248.125415 637.685431 4.563876
D C -31.5 220.8
W C 482.0 682.0
F 248.125415 637.685431 4.563876
D C
W C
F 250.444051 591.963926 4.736195
D C 122.1 1605.2
W C
F 261.125861 548.477028 4.921601
D C 253.5 1583.1
W C
F 278.799501 508.129108 5.093920
D C 310.7 1567.9
W C 1693.0 1043.0
F 278.799501 508.129108 5.093920
D C 493.5 1497.5 -73.5 911.2
W C 1191.0 747.0
F 300.725622 473.242759 5.240064
D C 546.3 1473.2 -45.1 905.1
W C 1191.0 747.0
F 328.265957 441.193993 5.390570
D C 718.3 1366.3 51.8 899.4 -70.7 1510.6
W C 1191.0 747.0
F 359.516741 413.827099 5.532351
D C 821.0 1281.3 108.2 882.4
W C 1793.8 1102.5 1090.2 687.5
F 359.516741 413.827099 5.532351
D C 865.4 1230.7 138.0 879.0
W C 1191.0 747.0
F 394.250239 391.349674 5.676314
D C 990.5 1087.7 221.3 842.1
W C 1191.0 747.0
F 430.941089 373.862787 5.807189
D C 1034.3 1035.8 249.3 824.2
W C 1792.1 1101.5 1091.9 688.5
F 471.585088 361.663060 5.959876
D C 1117.9 868.2 321.9 778.7
W C 1693.0 1043.0
F 512.849718 355.523202 6.103839
D C 1169.4 756.9 368.4 738.9
W C 1693.0 1043.0
F 512.849718 355.523202 6.103839
D C 1186.4 692.7 388.9 718.3
W C 1785.7 1097.6 1098.3 692.4
F 554.221646 355.404285 6.247801
D C 1228.1 496.6 441.6 640.4
W C 1786.4 1098.1 1097.6 691.9
F 595.511038 361.455245 0.112941
D C 1241.8 441.1 458.4 619.1
W C 1693.0 1043.0
F 635.505287 373.326538 0.256903
D C 1244.9 232.8 503.6 533.0
W C 1693.0 1043.0
F 635.505287 373.326538 0.256903
D C 1219.6 102.2 521.9 470.9
W C 1781.9 1095.4 1102.1 694.6
F 678.084930 386.279850 0.289622
D C 1209.0 41.7 528.2 442.3 598.4 1583.6
W C 1191.0 747.0
F 721.030896 399.197128 0.291803
D C 1155.2 -77.2 513.9 389.1 -227.3 1102.7
W C 1173.2 762.7 400.8 1442.3
F 764.014375 411.989022 0.289622
D C 1138.0 -104.2 504.8 377.4 -217.7 1107.8
W C 1172.6 763.1 401.4 1441.9
F 806.491403 424.647237 0.289622
D C 1079.7 -145.8 471.7 359.5 -234.2 1119.0
W C 1176.2 760.0 397.8 1445.0
F 806.491403 424.647237 0.289622
D C 1061.5 -150.0 458.2 358.1 -251.2 1114.9
W C 1176.4 759.9 397.6 1445.1
F 849.437369 437.564515 0.291803
D C 1016.0 -149.9 411.8 358.0 -302.9 1118.1
W C 1178.7 757.9 395.3 1447.1
F 892.555178 450.516154 0.291803
D C 985.4 -154.7 381.6 355.0 618.0 1482.2 -325.8 1120.5
W C 1178.3 758.2 395.7 1446.8
F 936.007234 463.568193 0.291803
D C 965.4 -154.6 363.7 357.6 -338.5 1125.2
W C 1177.5 758.9 396.5 1446.1
F 978.990714 476.360087 0.289622
D C 920.6 -156.1 865.4 667.9 316.4 356.2 -393.2 1128.9
W C 1180.8 756.0 393.2 1449.0
F 978.990714 476.360087 0.289622
D C 887.6 -156.1 828.7 664.3 284.4 355.9
W C 1191.0 747.0
F 1021.936680 489.277365 0.291803
D C 850.6 -157.7 797.1 663.4 250.3 355.9
W C 1191.0 747.0
F 1064.385996 502.028203 0.291803
D C 818.5 -162.2 765.7 657.4 220.1 357.8
W C 1191.0 747.0
F 1107.503805 514.979842 0.291803
D C 802.3 -166.7 749.5 655.6 206.9 358.1
W C 1191.0 747.0
F 1107.503805 514.979842 0.291803
D C 758.5 -167.3 700.8 660.0 156.1 358.9
W C 1191.0 747.0
F 1150.287368 527.831081 0.291803
D C 739.3 -167.8 679.8 660.2 139.5 359.2
W C 1191.0 747.0
F 1193.405178 540.782720 0.291803
D C 693.8 -171.0 631.8 664.6 94.7 360.3
W C 1191.0 747.0
F 1236.188740 553.633959 0.291803
D C 666.3 -170.7 595.6 658.1 63.8 362.6
W C 1191.0 747.0
F 1279.306550 566.585598 0.291803
D C 648.8 -174.7 583.1 656.4 47.9 363.1
W C 1191.0 747.0
F 1279.306550 566.585598 0.291803
D C 603.7 -176.6 536.2 654.4 -0.3 365.0
W C 1191.0 747.0
F 1321.619655 580.366450 0.311435
D C 570.1 -174.4 500.0 654.1 -32.9 366.1
W C 1191.0 747.0
F 1362.942494 598.845381 0.405228
D C 540.6 -176.3 467.2 651.6 -64.7 364.7
W C 1191.0 747.0
F 1400.022844 624.158340 0.571003
D C 495.0 -211.8 473.4 623.2 -72.1 366.8
W C 1191.0 747.0
F 1400.022844 624.158340 0.571003
D C 467.3 -233.0 477.6 609.1 -77.0 367.7
W C 1191.0 747.0
F 1431.876864 656.121203 0.756410
D C 384.1 -301.2 513.5 530.3 421.7 1394.0 -68.8 368.2
W C 1191.0 747.0
F 1456.439315 690.093308 0.911278
D C 292.0 -357.5 542.5 445.9 577.0 1315.3 -59.0 372.3
W C 1191.0 747.0
F 1476.039245 726.908770 1.050878
D C 255.9 -377.3 547.0 414.2 621.5 1275.8 -54.4 372.7
W C 1191.0 747.0
F 1476.039245 726.908770 1.050878
D C 187.9 -402.9 556.5 357.8 -47.5 373.2
W C 1191.0 747.0
F 1489.996674 765.665081 1.192660
D C 120.7 -424.8 560.1 299.9 791.8 1126.0 -41.8 374.4
W C 1191.0 747.0
F 1498.656319 805.559902 1.325716
D C 45.3 -442.5 558.3 237.8 874.6 1034.6 -34.7 373.1
W C 1191.0 747.0
F 1501.552614 847.178156 1.469678
D C 8.6 -446.6 556.9 207.5 -31.4 374.2
W C 1191.0 747.0
F 1497.048278 884.204609 1.639816
D C -104.3 -453.2 534.5 120.4 998.4 846.7 194.9 1410.6 -21.0 374.8
W C 1191.0 747.0
F 1497.048278 884.204609 1.639816
D C -178.0 -446.0 512.5 55.6 1055.3 725.2 322.9 1383.0 -9.3 369.3 -318.6 961.9
W C 1169.3 745.0 503.7 684.0
F 1485.982219 919.496790 1.818678
D C 488.7 -19.1 1115.7 575.6 473.2 1325.7 13.1 361.8 -220.7 993.5
W C 1171.9 745.2 501.1 683.8
F 1469.007694 952.339647 1.993178
D C 456.0 -83.1 1153.1 425.6 612.4 1247.4 33.3 351.8
W C 1191.0 747.0
F 1446.588916 981.736689 2.167678
D C 388.3 -177.5 791.3 1096.5 58.8 334.4
W C 1191.0 747.0
F 1446.588916 981.736689 2.167678
D C 361.4 -204.4 1167.8 112.3 848.8 1048.9 66.9 327.2
W C 1191.0 747.0
F 1418.092388 1007.228563 2.357447
D C 299.1 -257.6 1139.5 -48.1 958.3 919.4 80.4 309.7
W C 1191.0 747.0
F 1385.959831 1026.616514 2.542853
D C 230.0 -296.1 1093.5 -195.8 1039.4 787.0 91.0 291.0
W C 1191.0 747.0
F 1351.395596 1039.781216 2.721716
D C 160.0 -329.9 1025.6 -345.0 1108.0 642.3 100.3 272.9
W C 1191.0 747.0
F 1313.274296 1050.398103 2.839503
D C 126.2 -345.2 988.0 -411.9 1127.3 564.2 103.5 264.0
W C 1191.0 747.0
F 1313.274296 1050.398103 2.839503
D C 21.0 -374.4 861.3 -590.0 1181.2 351.4 111.6 238.2
W C 1191.0 747.0
F 1270.159619 1063.953962 2.837322
D C -50.1 -379.6 773.3 -670.2 1165.1 240.1 99.6 227.0
W C 1191.0 747.0
F 1227.672034 1077.176522 2.839503
D C -106.3 -380.6 702.3 -697.0 1136.0 194.4 558.8 694.9 69.4 222.0
W C 497.7 683.4 1175.3 745.6
F 1185.022916 1090.467131 2.839503
D C 638.2 -720.6 1103.8 147.3 549.8 679.4 42.0 219.2
W C 495.3 683.2 1177.7 745.8
F 1185.022916 1090.467131 2.839503
D C 583.9 -723.9 1056.0 144.2 505.9 678.8 -5.6 223.2
W C 495.4 683.2 1177.6 745.8
F 1141.575156 1104.127186 2.837322
D C 568.0 -722.2 1029.5 143.8 487.8 675.9 -21.7 225.9
W C 498.0 683.5 1175.0 745.5
F 1098.754488 1117.453943 2.839503
D C 539.2 -725.9 994.3 145.1 452.1 682.3
W C 482.0 682.0
F 1055.972894 1130.905606 2.837322
D C 502.1 -721.1 959.5 143.1 423.8 679.6
W C 482.0 682.0
F 1055.972894 1130.905606 2.837322
D C 472.7 -720.6 927.4 144.1 389.9 684.6
W C 482.0 682.0
F 1013.685836 1144.184651 2.837322
D C 439.7 -722.3 894.6 141.8 365.5 685.0
W C 482.0 682.0
F 970.865168 1157.511408 2.839503
D C 408.0 -724.1 862.3 144.8 327.5 688.2
W C 482.0 682.0
F 928.083574 1170.963071 2.837322
D C 363.4 -720.5 813.0 149.4 278.9 692.8
W C 482.0 682.0
F 885.262906 1184.289828 2.839503
D C 347.9 -722.6 793.1 145.8 265.8 690.5
W C 482.0 682.0
F 842.481311 1197.741491 2.837322
D C 313.2 -723.1 758.5 146.6 233.0 692.6
W C 482.0 682.0
F 842.481311 1197.741491 2.837322
D C 264.4 -723.1 708.3 143.7 184.1 692.2
W C 482.0 682.0
F 799.528315 1211.229655 2.837322
D C 249.0 -721.9 691.2 144.6 166.4 693.4
W C 482.0 682.0
F 756.908288 1224.613260 2.837322
D C 200.8 -723.4 644.3 145.2 118.3 697.5
W C 482.0 682.0
F 713.955292 1238.101424 2.837322
D C 625.4 147.0 103.3 700.2
W C 482.0 682.0
F 713.955292 1238.101424 2.837322
D C 153.4 -722.0 592.6 145.0 75.1 701.7
W C 482.0 682.0
F 670.866670 1251.151971 2.846047
D C 548.2 148.5 25.4 704.5
W C 482.0 682.0
F 626.202515 1255.713936 3.011822
D C 94.8 -727.4 530.3 145.4 6.0 704.9
W C 482.0 682.0
F 585.561962 1247.183657 3.286660
D C -17.4 -730.3 501.2 85.8 46.7 697.9
W C 482.0 682.0
F 555.313086 1232.161337 3.513510
D C -69.5 -734.5 488.2 51.5 80.8 694.3
W C 482.0 682.0
F 555.313086 1232.161337 3.513510
D C -201.2 -720.6 470.1 -31.4 163.9 665.1
W C 482.0 682.0
F 528.712719 1210.223948 3.744722
D C -325.3 -689.0 438.1 -100.9 236.4 637.5
W C 482.0 682.0
F 508.401845 1183.927780 3.965028
D C 394.8 -176.1 312.9 586.5
W C 482.0 682.0
F 494.277012 1153.249552 4.191878
D C 305.4 -271.4 408.1 491.9
W C 482.0 682.0
F 494.277012 1153.249552 4.191878
D C 272.6 -298.5 432.8 455.2
W C 482.0 682.0
F 487.526662 1119.413422 4.427453
D C 197.6 -343.3 477.5 375.6 -139.4 637.0
W C 482.0 682.0
F 488.429469 1086.016513 4.649941
D C 121.6 -374.7 509.4 295.3 -59.8 642.2
W C 482.0 682.0
F 496.570750 1053.802548 4.870247
D C 44.4 -397.5 526.6 212.9 9.4 643.2
W C
F 510.993949 1024.681060 5.081828
D C -79.6 -408.3 527.6 77.0 122.2 616.6
W C
F 510.993949 1024.681060 5.081828
D C -117.1 -404.9 518.4 38.6 154.2 601.9 -301.8 992.1
W C 482.0 682.0
F 531.706448 998.933629 5.299953
D C 484.2 -80.6 250.5 552.4 -114.8 1028.0
W C 482.0 682.0
F 557.723379 978.011303 5.518078
D C 463.7 -129.5 284.9 522.4 -45.0 1028.0
W C
F 590.969744 949.996432 5.572610
D C 417.6 -200.3 332.5 472.9 77.4 1016.9
W C
F 590.969744 949.996432 5.572610
D C 340.7 -282.7 370.5 402.0 195.8 988.2
W C 495.3 683.2 1177.7 745.8
F 624.772509 921.058497 5.574791
D C 319.3 -281.9 353.5 402.9 185.7 984.8
W C 495.1 683.2 1177.9 745.8
F 658.696763 891.994213 5.574791
D C 240.6 -305.9 991.3 835.3 327.0 374.9 198.7 971.5
W C 494.8 683.2 1178.2 745.8
F 692.886050 862.702864 5.574791
D C 214.0 -309.4 977.9 824.1 314.1 371.6 186.3 971.4
W C 493.8 683.1 1179.2 745.9
F 726.545270 833.865645 5.574791
D C 178.8 -306.2 951.2 821.8 285.9 373.9 158.4 970.3
W C 493.7 683.1 1179.3 745.9
F 726.545270 833.865645 5.574791
D C 128.9 -302.7 907.0 823.3 235.7 375.3 107.0 971.2
W C 494.7 683.2 1178.3 745.8
F 760.734557 804.574297 5.574791
D C 113.7 -302.3 890.0 822.9 222.3 376.8 94.9 971.5
W C 494.0 683.1 1179.0 745.9
F 794.923844 775.282948 5.574791
D C 66.0 -310.7 840.0 820.9 174.6 375.8 44.1 974.0
W C 490.4 682.8 1182.6 746.2
F 828.848098 746.218665 5.574791
D C 33.1 -313.4 805.3 821.5 142.7 377.7 11.2 970.1
W C 488.1 682.6 1184.9 746.4
F 863.037385 716.927316 5.574791
D C 19.5 -314.1 787.0 817.8 126.4 379.8 -3.7 969.8
W C 486.9 682.5 1186.1 746.5
F 863.037385 716.927316 5.574791
D C -32.5 -322.0 739.6 817.2 75.5 375.2 -57.4 971.4
W C 485.2 682.3 1187.8 746.7
F 900.349096 691.007931 5.662041
D C -47.5 -322.1 722.7 813.6 62.7 376.4 -69.6 973.6
W C 504.8 542.8 1824.0 920.8 1037.2 1008.4
F 939.516389 669.017717 5.755835
D C -112.3 -327.2 725.8 768.1 37.2 368.9
W C 1784.8 1097.1 1099.2 692.9
F 980.571047 650.792422 5.849628
D C 737.4 716.2 29.7 360.8
W C 1783.1 1096.1 1100.9 693.9
F 980.571047 650.792422 5.849628
D C 749.0 659.2 21.4 352.5
W C 1782.1 1095.5 1101.9 694.5
F 1022.951039 636.450987 5.941241
D C 758.7 612.0 13.7 349.5
W C 1782.2 1095.6 1101.8 694.4
F 1066.799021 625.944988 6.032853
D C 758.2 585.2 7.2 348.2
W C 1781.2 1095.0 1102.8 695.0
F 1110.931217 619.713025 6.126647
D C 770.6 508.9 -4.5 342.3
W C 1783.5 1096.3 1100.5 693.7
F 1110.931217 619.713025 6.126647
D C 766.6 476.4 -6.5 341.0
W C 1780.1 1094.3 1103.9 695.7
F 1155.667199 618.191815 6.231347
D C 760.5 392.3 151.5 927.9 -23.1 337.4
W C 1780.3 1094.5 1103.7 695.5
F 1200.185195 625.570924 0.133568
D C 755.6 338.4 180.4 910.6 -30.4 337.6
W C 1780.5 1094.6 1103.5 695.4
F 1242.240291 640.952089 0.318974
D C 757.7 290.3 220.0 892.9 -24.9 334.6
W C 1779.6 1094.1 1104.4 695.9
F 1278.864730 660.954053 0.467299
D C 753.6 172.2 303.5 850.2 -19.5 330.7
W C 1781.9 1095.4 1102.1 694.6
F 1278.864730 660.954053 0.467299
D C 738.4 98.5 347.6 819.4 -20.3 325.7
W C 1783.1 1096.1 1100.9 693.9
F 1312.021312 685.057784 0.598174
D C 717.3 27.0 393.3 776.9 -18.0 321.5
W C 1783.2 1096.2 1100.8 693.8
F 1341.265175 713.042897 0.731231
D C 686.3 -48.0 429.1 732.3 -16.8 318.1
W C 1783.4 1096.3 1100.6 693.7
F 1366.974226 745.898829 0.875193
D C 674.1 -78.4 446.2 710.7 -17.8 317.5
W C 1785.3 1097.4 1098.7 692.6
F 1392.198697 780.667399 0.931906
D C 609.6 -186.5 504.6 627.4 -14.5 310.6
W C 1785.7 1097.6 1098.3 692.4
F 1392.198697 780.667399 0.931906
D C 563.9 -251.5 530.6 579.1 277.6 1401.2 -14.4 307.3
W C 1788.4 1099.2 1095.6 690.8
F 1418.836845 816.528194 0.931906
D C 514.5 -280.6 518.6 548.9 -35.7 302.6
W C 1787.3 1098.6 1096.7 691.4
F 1445.474994 852.388989 0.931906
D C 462.0 -312.3 514.2 521.3 -55.7 302.8
W C 1788.3 1099.2 1095.7 690.8
F 1471.905032 887.969622 0.931906
D C 438.5 -324.7 505.4 512.4 343.0 1356.1
W C
F 1471.905032 887.969622 0.931906
D C 383.7 -330.5 458.1 506.2
W C 1693.0 1043.0
F 1498.763183 924.318988 0.934087
D C 366.5 -329.6 439.9 510.8 282.2 1358.8
W C 1693.0 1043.0
F 1525.115547 959.957187 0.934087
D C 314.1 -329.4 389.6 509.6 234.2 1355.6
W C 1693.0 1043.0
F 1551.882910 996.156617 0.934087
D C 281.4 -334.0 358.1 509.2
W C 1693.0 1043.0
F 1578.650273 1032.356047 0.934087
D C 264.3 -331.8 342.2 513.0 188.3 1362.5
W C
F 1578.650273 1032.356047 0.934087
D C 211.3 -333.1 291.9 512.5
W C 1693.0 1043.0
F 1605.210137 1068.274861 0.934087
D C 162.4 -332.1 238.8 514.0
W C 1693.0 1043.0
F 1628.776965 1106.894660 1.010431
D C 143.5 -331.4 221.4 517.6
W C 1693.0 1043.0
F 1648.363012 1147.120614 1.102043
D C 109.7 -338.3 205.5 510.3 87.2 1366.9
W C
F 1648.363012 1147.120614 1.102043
D C 51.7 -354.2 204.8 495.6 152.2 1344.3
W C 1693.0 1043.0
F 1664.009858 1188.853866 1.195837
D C -2.0 -366.8 201.7 479.7 201.0 1334.0
W C
F 1675.904168 1232.529641 1.289631
D C -89.3 -367.3 193.6 452.6 287.5 1303.5
W C
F 1683.564674 1276.256287 1.381243
D C -114.9 -367.4 192.3 445.6
W C
F 1683.564674 1276.256287 1.381243
D C 188.6 433.5
W C
F 1683.641598 1321.487752 1.542656
D C 180.2 421.1 -535.6 1553.0
W C
F 1675.334037 1365.659294 1.725881
D C 191.5 396.3 -394.3 1589.8
W C
F 1660.842399 1405.747002 1.885112
D C 195.4 385.9 -341.6 1607.4
W C 482.0 682.0
F 1642.700153 1443.611894 1.994174
D C 197.8 352.4 -152.7 1641.1
W C 482.0 682.0
F 1642.700153 1443.611894 1.994174
D C 201.8 323.6
W C
F 1624.203607 1484.657822 1.994174
D C 186.7 307.7 73.9 1631.5
W C
F 1605.993828 1525.067379 1.994174
D C 156.7 300.3 108.7 1625.6
W C
F 1584.381302 1564.405078 2.061793
D C 777.9 870.3 142.8 297.7 130.5 1647.7
W C
F 1559.368648 1601.286899 2.151224
D C 744.5 853.8 91.7 296.6 109.0 1630.4
W C
F 1559.368648 1601.286899 2.151224
D C 769.1 794.2 75.3 286.5
W C
F 1530.584285 1636.001150 2.247199
D C 796.1 731.6 59.8 275.2
W C
F 1498.573530 1668.006767 2.340993
D C 798.9 673.2 39.8 269.8
W C
F 1464.162874 1696.601299 2.432606
D C 806.7 646.7 27.1 268.4 -373.5 1413.0
W C 383.0 1458.0
F 1464.162874 1696.601299 2.432606
D C 816.6 568.6 474.0 1516.4 -0.2 265.4
W C
F 1427.075794 1721.942861 2.526399
D C 572.4 1473.6 -29.0 267.1
W C
F 1388.277440 1743.515778 2.618012
D C 817.8 457.5 599.2 1437.2
W C
F 1346.534406 1761.906323 2.711806
D C 813.0 394.5 662.2 1391.8
W C 383.0 1458.0
F 1304.747596 1775.826502 2.803418
D C 801.2 338.3 710.7 1352.0
W C 383.0 1458.0
F 1304.747596 1775.826502 2.803418
D C 783.6 281.0 764.5 1295.6 35.1 1477.0
W C
F 1260.860320 1786.167126 2.895031
D C 764.5 209.6 833.2 1216.3 116.1 1466.2
W C
F 1215.831187 1792.292336 2.991006
D C 750.4 188.6 850.1 1201.2 138.7 1465.5 -131.7 814.5
W C 456.6 1522.7 298.4 517.6 1301.0 846.7
F 1170.785410 1794.267049 3.082618
D C 727.1 133.6 899.2 1132.4 210.0 1454.1 -106.8 819.3
W C 456.9 1520.7 298.8 519.6 1300.3 846.7
F 1170.785410 1794.267049 3.082618
D C 698.3 82.3 944.5 1076.4 270.3 1433.5 -82.0 825.8
W C 1191.0 747.0
F 1126.273492 1791.991685 3.176412
D C 666.6 37.4 967.4 1005.2 325.5 1413.6 -64.3 828.6
W C 457.0 1521.1 302.4 519.4 1296.7 846.4
F 1081.822617 1785.529025 3.270206
D C 622.5 -24.4 1014.1 914.9 411.7 1376.0 -33.9 834.3
W C 456.4 1523.1 300.6 517.6 1299.0 846.3
F 1037.976978 1775.013252 3.361818
D C 604.6 -51.6 1023.5 862.5 449.3 1363.5 -13.3 827.0
W C 456.2 1518.2 306.6 523.8 1293.1 844.9
F 995.950445 1760.713828 3.453431
D C 568.7 -89.3 1040.7 798.1 498.2 1330.7 -0.6 831.2
W C 453.3 1519.4 305.1 525.3 1297.6 842.3
F 995.950445 1760.713828 3.453431
D C 527.9 -130.1 1061.6 724.8 555.9 1288.5 29.9 827.4
W C 454.1 1520.6 307.8 523.4 1294.2 843.0
F 954.492795 1743.992982 3.514506
D C 489.8 -161.4 1074.0 658.4 599.7 1250.5 49.9 822.7
W C 454.6 1519.7 307.3 523.8 1294.1 843.5
F 912.687034 1727.760594 3.512324
D C 424.9 -203.8 1063.6 573.7 634.1 1206.3 54.5 815.3
W C 1191.0 747.0
F 870.724650 1711.449594 3.512324
D C 408.4 -202.0 1043.3 583.6 616.2 1207.9 36.9 814.5
W C 380.7 1460.0 1193.3 745.0
F 870.724650 1711.449594 3.512324
D C 380.0 -201.3 1007.7 584.2 584.3 1208.8 4.4 815.2
W C 1191.0 747.0
F 829.087555 1695.265035 3.512324
D C 962.2 581.7 529.8 1207.7 -43.5 821.1
W C 1191.0 747.0
F 787.329343 1678.910715 3.514506
D C 314.8 -199.0 943.1 578.1 513.7 1211.2 -58.9 823.9
W C 378.2 1462.2 1195.8 742.8
F 745.523583 1662.678326 3.512324
D C 265.7 -198.0 891.4 580.9 465.3 1208.9 -108.0 828.4
W C 377.0 1463.3 1197.0 741.7
F 703.235908 1646.240884 3.512324
D C 869.8 582.1 451.0 1216.1 -123.8 830.4
W C 1191.0 747.0
F 703.235908 1646.240884 3.512324
D C 819.7 578.2 395.0 1211.1 -171.4 832.0
W C 1191.0 747.0
F 663.201845 1625.899331 3.597393
D C 786.8 577.0 369.8 1208.9 -199.2 836.0
W C 328.9 668.0 1344.1 761.0
F 625.979488 1602.353522 3.689006
D C 791.9 547.7 397.6 1194.2 -178.9 841.8
W C 331.5 668.2 1341.5 760.8
F 590.122135 1574.725671 3.782799
D C 800.5 487.3 456.3 1164.3 -151.4 853.1
W C 328.8 668.0 1344.2 761.0
F 590.122135 1574.725671 3.782799
D C 792.5 440.1 486.3 1136.8 -131.6 864.4
W C 330.2 668.1 1342.8 760.9
F 557.069090 1544.057810 3.874412
D C 783.9 354.0 551.8 1073.5 -89.2 871.4
W C 331.2 668.2 1341.8 760.8
F 525.903155 1512.016724 3.931124
D C 773.2 321.0 577.4 1051.0 -73.1 872.3
W C 333.6 668.4 1339.4 760.6
F 494.242129 1480.255246 3.928943
D C 760.3 264.8 611.3 1007.6 -49.1 875.8
W C 1191.0 747.0
F 462.919955 1448.649037 3.931124
D C 717.7 259.9 567.3 1010.5 -90.0 879.8
W C 1191.0 747.0
F 462.919955 1448.649037 3.931124
D C 700.2 258.4 553.8 1008.0 -106.8 882.8
W C 1191.0 747.0
F 431.462923 1416.930861 3.931124
D C 647.3 264.1 502.1 1014.8 -159.5 883.0
W C 1191.0 747.0
F 399.801897 1385.169383 3.928943
D C 631.6 262.2 485.8 1013.0 -177.4 888.3
W C 1191.0 747.0
F 368.233695 1353.315644 3.931124
D C 597.3 265.3 449.4 1015.8 -211.3 886.6
W C 1191.0 747.0
F 368.233695 1353.315644 3.931124
D C 549.5 266.6 401.0 1013.9 -258.8 889.9
W C 1191.0 747.0
F 336.080613 1321.059106 3.928943
D C 534.7 265.6 387.7 1016.7 -272.4 895.5
W C 1191.0 747.0
F 304.800769 1289.656883 3.928943
D C 487.4 268.7 335.3 1017.6
W C
F 273.232567 1257.803144 3.931124
D C 455.4 265.9 303.6 1014.8
W C
F 273.232567 1257.803144 3.931124
D C 436.2 267.4 290.6 1016.7
W C
F 241.529776 1225.837169 3.931124
D C 389.4 271.1 237.9 1018.8
W C
F 209.868751 1194.075691 3.928943
D C 372.0 272.8 218.6 1021.1
W C
F 178.300549 1162.221953 3.931124
D C 327.8 272.8 173.6 1023.7
W C
F 147.869663 1131.698125 3.928943
D C 311.1 273.8 154.6 1026.0
W C
F 143.364555 1127.072689 3.931124
D C 275.0 275.4 119.7 1028.7
W C
F 143.364555 1127.072689 3.931124
D C 236.5 272.9 87.6 1026.0
W C
F 143.364555 1127.072689 3.931124
D C 238.9 274.0 90.6 1024.0
W C
F 143.364555 1127.072689 3.931124
D C 240.1 275.4 90.5 1022.8
W C
F 143.364555 1127.072689 3.931124
D C 239.5 274.7 90.1 1019.0
W C
F 143.364555 1127.072689 3.931124
D C 238.7 273.7 90.6 1024.2
W C
F 143.364555 1127.072689 3.931124
D C 238.7 273.7 90.6 1024.6
W C
F 143.364555 1127.072689 3.931124
D C 239.2 274.3 90.6 1024.1
W C
